737230.3072916666, 1.4292035398230087, 2.86734693877551
737230.3075231481, -0.5652173913043478, 0.1364883401920439
737230.3077546296, -0.09969088098918083, 0.3118022328548644
737230.307986111, -0.06573705179282868, 0.8986784140969163
737230.3082175925, 0.3416230366492147, 0.9513981358189081
737230.308449074, -0.4533011272141707, 0.09106529209621993
737230.3086805556, -0.7706131078224101, 1.2124463519313304
737230.308912037, 0.011421319796954314, 0.5652173913043478
737230.3091435184, -0.5259146341463414, -0.3467741935483871
737230.309375, -0.4580712788259958, -0.24890829694323144
737230.3096064815, 0.04509283819628647, 0.04838709677419355
737230.309837963, 0.20276008492569003, 0.03172866520787746
737230.3100694444, 0.375, 0.7824858757062146
737230.3103009259, -0.1178343949044586, 0.8473132372214941
737230.3105324074, -1.1, -0.07220708446866485
737230.3107638889, -0.4727272727272727, -0.038181818181818185
737230.3109953704, -0.08571428571428572, 0.19642857142857142
737230.3112268518, 0.0, 0.0
737230.3114583333, 0.0, 0.0
737230.3116898148, 0.0, 0.0
737230.3119212963, 0.0, 0.0
737230.3121527777, 0.0, 0.0
737230.3123842592, 0.0, 0.0
737230.3126157407, 0.0, 0.0
737230.3128472222, 0.0, 0.0
737230.3130787037, 0.0, 0.0
737230.3133101851, 0.0, 0.0
737230.3135416666, 0.0, 0.0
737230.3137731481, 0.0, 0.0
737230.3140046296, 0.0, 0.0
737230.3142361111, 0.0, 0.0
737230.3144675925, -0.49363057324840764, 0.5797101449275363
737230.314699074, 0.6776315789473685, 0.2714631197097944
737230.3149305555, 0.09815950920245399, 0.5567164179104478
737230.315162037, -0.35657894736842105, 0.11494252873563218
737230.3153935184, -0.5871862615587847, 0.8854014598540146
737230.3156249999, -0.39325842696629215, -0.2222222222222222
737230.3158564814, -0.5357142857142857, 0.10899182561307902
737230.316087963, 0.3408262454434994, 0.14588859416445624
737230.3163194444, 1.1005154639175259, -0.11756373937677053
737230.3165509258, 0.5806878306878307, -0.40599455040871935
737230.3167824073, -0.5174129353233831, 0.2489539748953975
737230.3170138889, 1.0588235294117647, 0.07640750670241286
737230.3172453704, 0.2465753424657534, 0.25935828877005346
737230.3174768519, -0.8068783068783069, 0.10764872521246459
737230.3177083333, -0.10220994475138122, 0.2658959537572254
737230.3179398148, -0.19959946595460615, 0.9010989010989011
737230.3181712963, -0.8863636363636364, -0.17482993197278912
737230.3184027778, 0.09078590785907859, -0.8864306784660767
737230.3186342592, 0.2128463476070529, 1.0605263157894738
737230.3188657407, -0.28522571819425446, -0.44542772861356933
737230.3190972222, -0.31191222570532917, 0.1481994459833795
737230.3193287037, -0.7400548696844993, 0.6237113402061856
737230.3195601852, 0.03716690042075736, 0.2900912646675359
737230.3197916666, 0.3, 1.0342857142857143
737230.3200231481, -0.21238348868175766, -0.6907894736842105
737230.3202546296, -0.32482758620689656, 0.35543766578249336
737230.3204861111, 0.49715099715099714, -0.1816816816816817
737230.3207175926, -0.13624511082138202, 0.6720569210866753
737230.320949074, 0.2681755829903978, -0.16295264623955433
737230.3211805555, 0.34539473684210525, -0.5434782608695652
737230.321412037, 0.558047493403694, 0.11585365853658537
737230.3216435185, -0.1534017971758665, 0.2880055788005579
737230.3218749999, 0.8081570996978852, -0.0693950177935943
737230.3221064814, -0.14910025706940874, 0.2861715749039693
737230.3223379629, -0.42506459948320413, -0.3010825439783491
737230.3225694444, 0.883480825958702, 0.26949152542372884
737230.3228009259, -0.3229426433915212, -0.11134751773049645
737230.3230324073, 0.15149544863459039, 0.32064516129032256
737230.3232638888, -0.07275541795665634, -0.5314685314685315
737230.3234953703, -0.2544987146529563, 0.6394101876675603
737230.3237268518, -1.6547169811320754, 1.3242730720606828
737230.3239583333, -0.8731343283582089, -0.22727272727272727
737230.3241898147, -0.27117572692793934, 0.6687587168758717
737230.3244212962, 0.14020486555697823, -0.2902097902097902
737230.3246527778, -0.08187134502923976, 1.3
737230.3248842593, -0.4255989911727617, -0.023178807947019868
737230.3251157406, -0.003676470588235294, 0.046772068511198944
737230.3253472222, -0.18727272727272729, -1.4646643109540636
737230.3255787037, 0.06292286874154263, -0.43535075653370015
737230.3258101852, -0.35789473684210527, 0.7183288409703504
737230.3260416667, -0.5226537216828478, -0.2830188679245283
737230.3262731481, 0.3116710875331565, -0.6858288770053476
737230.3265046296, 0.163727959697733, -0.12943495400788435
737230.3267361111, -0.7834890965732088, -0.5680272108843537
737230.3269675926, -0.03638814016172507, 0.6447368421052632
737230.3271990741, -0.6701298701298701, 0.42130257801899595
737230.3274305555, -0.47126436781609193, 0.10869565217391304
737230.327662037, -0.4305555555555556, 0.46725784447476126
737230.3278935185, 0.44993045897079276, 0.26575342465753427
737230.328125, -1.6288343558282208, 1.5063694267515924
737230.3283564814, -0.27019498607242337, -0.47297297297297297
737230.3285879629, -0.602257636122178, 0.07440890125173853
737230.3288194444, 0.7621951219512195, -0.9057971014492754
737230.3290509259, -0.5442132639791938, 2.136986301369863
737230.3292824074, -0.40679094540612515, 1.098901098901099
737230.3295138888, -0.44193548387096776, 1.8235294117647058
737230.3297453703, -0.07254901960784314, 0.492603550295858
737230.3299768518, -0.10125786163522013, 0.040345821325648415
737230.3302083333, -0.5, 0.40384615384615385
737230.3304398148, -0.2982832618025751, 0.5787965616045845
737230.3306712962, -0.21564625850340136, 0.6690340909090909
737230.3309027777, -0.15337423312883436, 0.03870967741935484
737230.3311342592, -1.0327868852459017, 1.9322033898305084
737230.3313657407, -0.3422391857506361, 0.9226804123711341
737230.3315972221, -0.07828282828282829, 0.08115183246073299
737230.3318287036, -0.13829787234042554, 0.3870967741935484
737230.3320601851, 0.44598155467720685, 0.4337931034482759
737230.3322916667, 0.5914454277286135, 0.39361702127659576
737230.3325231482, -0.4884467265725289, -0.40463576158940395
737230.3327546295, -0.8888182973316391, -0.13324538258575197
737230.332986111, -1.710382513661202, -1.2881619937694704
737230.3332175926, 0.19452054794520549, -0.058981233243967826
737230.3334490741, -0.13355704697986578, 0.4161849710982659
737230.3336805556, -0.5080428954423593, 0.1115702479338843
737230.333912037, -0.6570247933884298, -0.26706231454005935
737230.3341435185, -0.4437908496732026, 0.42751677852348996
737230.334375, 0.03409090909090909, -0.038461538461538464
737230.3346064815, -0.2855361596009975, 0.178714859437751
737230.3348379629, -0.5089974293059126, -0.17574931880108993
737230.3350694444, 0.199438202247191, 1.0825825825825826
737230.3353009259, -0.17386091127098321, -0.097799511002445
737230.3355324074, 0.22662889518413598, -0.07219251336898395
737230.3357638889, -0.5060422960725075, -0.4608433734939759
737230.3359953703, -0.42991239048811014, 0.7583222370173103
737230.3362268518, -0.09278350515463918, 0.5993288590604027
737230.3364583333, -0.7978723404255319, 1.1910828025477707
737230.3366898148, -0.221419185282523, 0.49872935196950446
737230.3369212962, -0.3778833107191316, 0.24281984334203655
737230.3371527777, -1.0506329113924051, 1.359531772575251
737230.3373842592, -0.3637469586374696, 0.4447592067988669
737230.3376157407, -0.15101522842639595, -0.3672922252010724
737230.3378472222, 0.7966666666666666, 0.17682926829268292
737230.3380787036, -0.3005050505050505, 0.43306010928961747
737230.3383101851, -0.1950261780104712, 0.573270013568521
737230.3385416666, 0.6118210862619808, -0.5987654320987654
737230.3387731481, 0.5806451612903226, -0.04532163742690058
737230.3390046296, 0.6380597014925373, 0.731055900621118
737230.339236111, 0.2323529411764706, 0.08576051779935275
737230.3394675925, 0.209043250327654, 0.050546448087431695
737230.339699074, -0.14858199753390874, -0.15058670143415906
737230.3399305556, 1.080547112462006, 0.4160839160839161
737230.340162037, -0.45300261096605743, 0.546767537826685
737230.3403935184, -0.09176029962546817, 0.052742616033755275
737230.340625, 0.6447368421052632, 1.0761904761904761
737230.3408564815, -0.946958981612447, 1.041244573082489
737230.341087963, -0.6971090670170828, 0.5206794682422452
737230.3413194444, -0.34615384615384615, 0.8343465045592705
737230.3415509259, 0.8134715025906736, 0.209043250327654
737230.3417824074, -0.37924528301886795, 0.04993678887484197
737230.3420138889, 0.01862464183381089, 0.4785276073619632
737230.3422453704, 0.40014471780028943, 0.9186351706036745
737230.3424768518, 0.22178477690288714, -0.6466480446927374
737230.3427083333, -0.5974212034383954, 0.7747875354107648
737230.3429398148, 0.07446808510638298, 0.7700135685210312
737230.3431712963, 0.5042016806722689, 0.2789904502046385
737230.3434027777, -0.537940379403794, -0.3313253012048193
737230.3436342592, -0.6426751592356688, 0.2235294117647059
737230.3438657407, 0.40476190476190477, 0.8595800524934383
737230.3440972222, 0.7888283378746594, 0.2826086956521739
737230.3443287037, -0.7900976290097629, 0.24967234600262123
737230.3445601851, -0.2332421340629275, 0.6547277936962751
737230.3447916666, 0.09239130434782608, 0.37362637362637363
737230.3450231481, 0.6405269761606023, -0.2762039660056657
737230.3452546296, -0.14698162729658792, 0.5857538035961273
737230.3454861111, -0.32450331125827814, 0.24100719424460432
737230.3457175925, 0.5837004405286343, -0.10679611650485436
737230.345949074, -0.512, 0.03142857142857143
737230.3461805555, -0.75625, -0.847682119205298
737230.346412037, 0.49493670886075947, 1.2288590604026846
737230.3466435184, -0.13864491844416563, 0.7583436341161929
737230.3468749999, -0.9919093851132686, 0.6075949367088608
737230.3471064814, -0.6465295629820051, 0.24581005586592178
737230.347337963, -0.23704663212435234, 1.0883152173913044
737230.3475694444, 1.4719101123595506, -0.15454545454545454
737230.3478009258, -0.2915057915057915, 0.2616279069767442
737230.3480324073, 0.2787958115183246, 0.12962962962962962
737230.3482638889, 0.8171355498721228, -0.056851311953352766
737230.3484953704, -0.6646258503401361, 0.9386920980926431
737230.3487268519, -0.16394399066511084, 0.6441441441441441
737230.3489583333, 0.2794561933534743, 0.06932153392330384
737230.3491898148, -0.9724091520861373, 0.2703804347826087
737230.3494212963, 0.015345268542199489, -0.6049798115746972
737230.3496527778, 0.5244648318042814, 0.8742857142857143
737230.3498842592, -0.7317380352644837, 0.791156462585034
737230.3501157407, -0.6750629722921915, 0.4093369418132612
737230.3503472222, -0.2391304347826087, 0.4886039886039886
737230.3505787037, 0.4271604938271605, 1.119047619047619
737230.3508101852, 0.11830985915492957, -0.12343096234309624
737230.3510416666, -0.15027322404371585, -0.45663956639566394
737230.3512731481, -0.2617135207496653, 0.15576102418207682
737230.3515046296, -0.24342105263157895, 0.5624092888243831
737230.3517361111, 0.6218130311614731, 0.8079268292682927
737230.3519675926, -0.4567901234567901, 1.1394557823129252
737230.352199074, -0.6808367071524967, 0.8306122448979592
737230.3524305555, -0.5595854922279793, 0.24373259052924792
737230.352662037, 0.16030013642564803, 1.8763440860215055
737230.3528935185, -1.008174386920981, -0.0006369426751592356
737230.3531249999, -0.6084010840108401, 1.4607843137254901
737230.3533564814, -0.5054127198917456, 0.2090663058186739
737230.3535879629, -0.7165087956698241, 0.1917808219178082
737230.3538194444, -0.6929347826086957, -0.4572192513368984
737230.3540509259, -0.7976501305483029, -0.7246879334257975
737230.3542824073, -0.5186418109187749, -0.5403337969401947
737230.3545138888, -1.7934472934472934, 1.85423197492163
737230.3547453703, 0.06368221941992434, 0.6820652173913043
737230.3549768518, -0.45508586525759576, -0.5256024096385542
737230.3552083333, -0.5268656716417911, 0.5359281437125748
737230.3554398147, 0.4050064184852375, -0.366120218579235
737230.3556712962, -0.3927152317880795, 0.44347240915208613
737230.3559027778, -1.867741935483871, 0.5463576158940397
737230.3561342593, -0.0822328931572629, 0.3932432432432432
737230.3563657406, -0.40955414012738856, 0.23146853146853147
737230.3565972222, -0.03605015673981191, -0.8678929765886287
737230.3568287037, -0.15664160401002505, -0.29045092838196285
737230.3570601852, 0.24666666666666667, 0.6466480446927374
737230.3572916667, -0.18373493975903615, 0.5808383233532934
737230.3575231481, 0.3393782383419689, 0.17901234567901234
737230.3577546296, -0.18152866242038215, 0.1330150068212824
737230.3579861111, -1.0110410094637223, 0.9434250764525994
737230.3582175926, 0.9170854271356784, 1.0576662143826323
737230.3584490741, 0.8601108033240997, -0.24811083123425692
737230.3586805555, -0.5816326530612245, -1.4619047619047618
737230.358912037, 1.078512396694215, 0.5610687022900763
737230.3591435185, -0.1937799043062201, 1.384393063583815
737230.359375, 0.0, 0.0
737230.3596064814, -0.8704663212435233, -0.4828571428571429
737230.3598379629, -0.47512437810945274, 0.20184696569920843
737230.3600694444, -0.20357142857142857, -0.7032258064516129
737230.3603009259, -1.0144291091593476, 0.6096491228070176
737230.3605324074, 0.1618181818181818, 0.6728723404255319
737230.3607638888, -0.08153846153846153, 1.4212827988338192
737230.3609953703, 0.0, 0.0
737230.3612268518, 0.0, 0.0
737230.3614583333, 0.0, 0.0
737230.3616898148, 0.0, 0.0
737230.3619212962, 0.0, 0.0
737230.3621527777, 0.0, 0.0
737230.3623842592, 0.6884057971014492, -3.802325581395349
737230.3626157407, 0.755621301775148, -0.38354430379746834
737230.3628472221, 0.040342298288508556, -0.23573573573573572
737230.3630787036, 0.31586021505376344, 0.04259501965923984
737230.3633101851, 0.3384433962264151, -0.1574965612104539
737230.3635416667, 1.0666666666666667, 0.3905325443786982
737230.3637731482, 0.2138047138047138, -0.6849529780564263
737230.3640046295, 0.0, 0.0
737230.364236111, 1.2705382436260624, 1.0
737230.3644675926, -0.3582474226804124, 0.7113259668508287
737230.3646990741, -0.31749049429657794, 0.05269922879177378
737230.3649305556, -0.16750629722921914, -0.11224489795918367
737230.365162037, -0.4159235668789809, 0.5120160213618158
737230.3653935185, -0.21569839307787392, 0.8501997336884154
737230.365625, -0.3246445497630332, 1.1675531914893618
737230.3658564815, 0.23974358974358975, 0.9638633377135348
737230.3660879629, 0.1378162450066578, -0.0824964131994261
737230.3663194444, 0.7668393782383419, 0.8426966292134831
737230.3665509259, 0.12012578616352201, 0.33118556701030927
737230.3667824074, -0.17330677290836655, -0.49733333333333335
737230.3670138889, -0.6947368421052632, -0.2943444730077121
737230.3672453703, -0.593198992443325, 0.7151238591916558
737230.3674768518, -0.14733727810650887, 0.5910307898259706
737230.3677083333, -0.1532258064516129, 0.41086350974930363
737230.3679398148, -0.0007656967840735069, 0.02248062015503876
737230.3681712962, -0.4867149758454106, 0.09037711313394019
737230.3684027777, 0.3209718670076726, 0.10052910052910052
737230.3686342592, 0.02986022871664549, 0.8337931034482758
737230.3688657407, 0.6352040816326531, 0.08602846054333764
737230.3690972222, -0.044794188861985475, 1.497275204359673
737230.3693287036, -0.9166666666666666, 1.042094455852156
737230.3695601851, 0.190176322418136, 0.5387182910547397
737230.3697916666, -0.5363196125907991, 0.06064690026954178
737230.3700231481, -0.013478818998716302, -0.07021276595744681
737230.3702546296, 0.08630527817403709, 0.7618135376756067
737230.370486111, 0.49264705882352944, 0.19002695417789758
737230.3707175925, -0.6865284974093264, 0.010282776349614395
737230.370949074, -0.3027812895069532, 1.0964912280701755
737230.3711805556, 0.20025188916876574, -0.13043478260869565
737230.371412037, -0.55, 0.26410998552821996
737230.3716435184, -0.5533333333333333, -0.6372549019607843
737230.371875, -1.7026315789473685, 1.2486910994764397
737230.3721064815, -0.900611620795107, 0.2981366459627329
737230.372337963, 0.0, 0.0
737230.3725694444, 0.0, 0.0
737230.3728009259, -0.016377649325626204, 0.956140350877193
737230.3730324074, -0.5368171021377672, 0.2447988904299584
737230.3732638889, 0.02806122448979592, 0.4401041666666667
737230.3734953704, -0.719954648526077, 1.462962962962963
737230.3737268518, 0.0, 0.0
737230.3739583333, -0.7396166134185304, 1.5869565217391304
737230.3741898148, 0.10315533980582524, -0.2782546494992847
737230.3744212963, -0.6283950617283951, -0.05068836045056321
737230.3746527777, -0.19151670951156813, 0.8425414364640884
737230.3748842592, -0.8253652058432935, 0.9659685863874345
737230.3751157407, 0.3641655886157827, 0.47416020671834624
737230.3753472222, 1.5491803278688525, 0.3
737230.3755787037, 0.35, 0.6168831168831169
737230.3758101851, -0.14898989898989898, 0.3803191489361702
737230.3760416666, -0.3215962441314554, 0.8756613756613757
737230.3762731481, -0.4222972972972973, 0.15661641541038526
737230.3765046296, 0.016587677725118485, 1.3128205128205128
737230.3767361111, -0.47387173396674587, 0.0855421686746988
737230.3769675925, -0.5934579439252337, 0.7040133779264214
737230.377199074, -0.937007874015748, -1.592511013215859
737230.3774305555, -0.01020408163265306, -0.08395989974937343
737230.377662037, 0.5495626822157434, 1.1403100775193797
737230.3778935184, -1.4567979669631512, 0.5013793103448276
737230.3781249999, 0.6061320754716981, 0.2576419213973799
737230.3783564814, 0.0, 0.0
737230.378587963, -0.43288590604026844, 0.25879396984924624
737230.3788194444, -1.876543209876543, 1.0636363636363637
737230.3790509258, 0.15625, -0.0007874015748031496
737230.3792824073, 1.0736263736263736, 0.9148936170212766
737230.3795138889, -0.07788944723618091, 0.11046511627906977
737230.3797453704, -0.4915492957746479, 1.1224961479198767
737230.3799768519, -0.11134453781512606, -0.11006289308176101
737230.3802083333, -0.3879120879120879, 0.17981438515081208
737230.3804398148, -0.08369723435225619, -0.7220566318926974
737230.3806712963, -0.5418326693227091, 0.6182572614107884
737230.3809027778, -0.9221748400852878, -0.4752808988764045
737230.3811342592, -1.8755656108597285, -0.2903930131004367
737230.3813657407, 0.851304347826087, -0.3382352941176471
737230.3815972222, 0.96875, 1.9814814814814814
737230.3818287037, 0.12951807228915663, 0.30654761904761907
737230.3820601852, -0.08928571428571429, 1.1161616161616161
737230.3822916666, 0.599476439790576, 0.803030303030303
737230.3825231481, 1.3352941176470587, 0.4
737230.3827546296, -0.5645161290322581, 0.5200729927007299
737230.3829861111, -0.4694501018329939, 1.0446009389671362
737230.3832175926, -0.26136363636363635, -1.627906976744186
737230.383449074, 0.7534854245880862, -0.03661784287616511
737230.3836805555, 0.5147679324894515, 0.9977973568281938
737230.383912037, 0.8120879120879121, 0.20319634703196346
737230.3841435185, -0.19036144578313252, 0.024793388429752067
737230.3843749999, -0.023605150214592276, 0.5535714285714286
737230.3846064814, 0.028330781010719754, 0.032467532467532464
737230.3848379629, 0.7690815006468306, 0.5741721854304636
737230.3850694444, 0.4492600422832981, 0.4469026548672566
737230.3853009259, -0.4325337331334333, -0.07057057057057058
737230.3855324073, 0.13952095808383233, 0.5916334661354582
737230.3857638888, 0.27854671280276816, 0.38353413654618473
737230.3859953703, -0.2311178247734139, 1.379746835443038
737230.3862268518, -0.33009079118028534, 0.8607242339832869
737230.3864583333, -0.13636363636363635, 0.3351409978308026
737230.3866898147, 0.055891238670694864, -0.7224108658743633
737230.3869212962, 0.2696139476961395, 0.16210670314637482
737230.3871527778, -0.18134171907756813, -0.031958762886597936
737230.3873842593, -0.7688172043010753, 0.11732851985559567
737230.3876157406, 0.0, 0.0
737230.3878472222, 0.0, 0.0
737230.3880787037, 0.0, 0.0
737230.3883101852, 0.0, 0.0
737230.3885416667, 0.0, 0.0
737230.3887731481, 0.0, 0.0
737230.3890046296, 0.0, 0.0
737230.3892361111, 0.0, 0.0
737230.3894675926, 0.0, 0.0
737230.3896990741, 0.0, 0.0
737230.3899305555, 0.0, 0.0
737230.390162037, 0.14412811387900357, -0.4276190476190476
737230.3903935185, -0.06923076923076923, -0.5206489675516224
737230.390625, 0.03722334004024145, 1.3333333333333333
737230.3908564814, -0.16718266253869968, 0.11436950146627566
737230.3910879629, 0.34794520547945207, -0.1871584699453552
737230.3913194444, -0.8135964912280702, -0.19333333333333333
737230.3915509259, -1.812597200622084, -0.07886178861788617
737230.3917824074, -0.12868117797695264, 0.2545454545454545
737230.3920138888, -0.6455301455301455, 0.19133192389006343
737230.3922453703, -0.8273026315789473, 0.174496644295302
737230.3924768518, 0.033083645443196, 0.3656509695290859
737230.3927083333, -0.2912524850894632, 0.7217573221757322
737230.3929398148, -0.8276955602536998, 0.4150326797385621
737230.3931712962, -0.5338983050847458, -1.1464968152866242
737230.3934027777, -0.5313111545988258, 0.3923766816143498
737230.3936342592, -0.4728867623604466, 0.4601328903654485
737230.3938657407, 0.14535585042219543, -0.040145985401459854
737230.3940972221, -0.44650205761316875, -0.25229357798165136
737230.3943287036, -0.05136986301369863, 1.6269565217391304
737230.3945601851, -0.11333333333333333, -0.4857142857142857
737230.3947916667, -0.657563025210084, -0.10652173913043478
737230.3950231482, -0.6957295373665481, 0.3471001757469244
737230.3952546295, -0.2040302267002519, 0.1896067415730337
737230.395486111, 1.0826271186440677, 0.7131519274376418
737230.3957175926, -0.1800670016750419, 0.7616666666666667
737230.3959490741, -0.46809815950920247, 0.829041487839771
737230.3961805556, 0.2190775681341719, -1.029284164859002
737230.396412037, -0.06862745098039216, 0.7239089184060721
737230.3966435185, 0.3915510718789407, 0.47538860103626945
737230.396875, 0.05942622950819672, 0.31756756756756754
737230.3971064815, -0.04777070063694268, -1.028125
737230.3973379629, -0.361557478368356, 0.8848101265822785
737230.3975694444, 0.5018691588785047, -0.1305732484076433
737230.3978009259, -0.19154228855721392, 1.0146804835924006
737230.3980324074, 0.2641277641277641, 1.0583892617449664
737230.3982638889, -1.0478927203065134, 1.4743589743589745
737230.3984953703, -1.2426229508196722, 1.6318681318681318
737230.3987268518, -0.42482915717539865, 0.5371352785145889
737230.3989583333, -0.26954732510288065, 0.7247899159663865
737230.3991898148, 0.18284228769497402, -0.06419529837251356
737230.3994212962, -0.47567221510883484, -0.5148247978436657
737230.3996527777, -0.3030592734225621, -0.16403162055335968
737230.3998842592, 0.5123456790123457, -0.20091743119266056
737230.4001157407, -0.16335227272727273, 1.1968011126564673
737230.4003472222, -0.5828025477707006, -0.5745762711864407
737230.4005787036, -0.19712351945854484, 0.7666666666666667
737230.4008101851, -0.5211640211640212, 0.4722222222222222
737230.4010416666, -0.06596558317399617, -0.14587155963302753
737230.4012731481, -0.7766323024054983, 1.0303571428571427
737230.4015046296, 0.2612732095490716, 0.42567567567567566
737230.401736111, 0.4711191335740072, 0.7790262172284644
737230.4019675925, 0.9476534296028881, 0.3573825503355705
737230.402199074, -0.39967637540453077, -0.17647058823529413
737230.4024305556, 0.09777777777777778, 0.7048517520215634
737230.402662037, -1.134517766497462, 0.6862068965517242
737230.4028935184, -0.04918032786885246, 0.936046511627907
737230.403125, -0.3201834862385321, -0.10796645702306079
737230.4033564815, 0.0196078431372549, 0.5385321100917431
737230.403587963, -0.5972762645914397, 0.5721925133689839
737230.4038194444, 0.06781193490054249, -0.5976058931860037
737230.4040509259, -0.5805970149253732, 1.0324675324675325
737230.4042824074, 0.22875, 0.4064245810055866
737230.4045138889, -0.12087912087912088, 0.09090909090909091
737230.4047453704, 0.49027552674230146, -0.0042158516020236085
737230.4049768518, -0.09463087248322148, -0.15633423180592992
737230.4052083333, 0.28888888888888886, -0.5153256704980843
737230.4054398148, -1.3374384236453203, 0.86
737230.4056712963, -0.6568627450980392, 0.05537720706260032
737230.4059027777, -0.29904306220095694, 0.5621621621621622
737230.4061342592, -0.2557117750439367, -0.27898550724637683
737230.4063657407, 0.040119760479041915, 0.5921228304405874
737230.4065972222, 0.08031088082901554, 0.569811320754717
737230.4068287037, 1.3385964912280701, -0.3408304498269896
737230.4070601851, -0.4458128078817734, 0.7244355909694555
737230.4072916666, 0.2643884892086331, 1.008604206500956
737230.4075231481, -0.09662576687116564, -0.5067226890756302
737230.4077546296, -0.14285714285714285, 0.40063694267515926
737230.4079861111, 1.1145454545454545, 0.8047619047619048
737230.4082175925, 0.0024958402662229617, -0.07487091222030981
737230.408449074, -0.5919117647058824, 0.24900924702774108
737230.4086805555, -0.2392055267702936, 1.1628352490421456
737230.408912037, -0.23417721518987342, -1.0296052631578947
737230.4091435184, -0.028255528255528257, 0.007133592736705577
737230.4093749999, -0.2804459691252144, 0.8167330677290837
737230.4096064814, -0.9643423137876387, 1.0915750915750915
737230.409837963, -0.7402439024390244, -0.4036144578313253
737230.4100694444, -0.1864406779661017, -0.43666026871401153
737230.4103009258, -0.7111913357400722, 0.43613138686131386
737230.4105324073, -0.5459492140266021, 0.7055961070559611
737230.4107638889, 0.078397212543554, -0.28346456692913385
737230.4109953704, -0.563752276867031, 0.810891089108911
737230.4112268519, -0.050970873786407765, 0.8170731707317073
737230.4114583333, 0.3905982905982906, 0.596830985915493
737230.4116898148, 0.27075812274368233, 0.661849710982659
737230.4119212963, -0.4146919431279621, 1.0148387096774194
737230.4121527778, -0.6795774647887324, 1.2067395264116576
737230.4123842592, -0.3594306049822064, 0.188715953307393
737230.4126157407, -0.7077669902912621, -0.7515212981744422
737230.4128472222, -0.11472602739726027, 0.9324324324324325
737230.4130787037, 0.298932384341637, 0.2676950998185118
737230.4133101852, -0.5346534653465347, 1.0833333333333333
737230.4135416666, -0.008411214953271028, 0.7182468694096601
737230.4137731481, 0.062264150943396226, 1.5
737230.4140046296, 0.2896039603960396, 1.095635430038511
737230.4142361111, -0.1423728813559322, 0.3673139158576052
737230.4144675926, -0.2691001697792869, -0.174373795761079
737230.414699074, 0.043583535108958835, 1.320113314447592
737230.4149305555, 0.3916083916083916, 0.10205831903945112
737230.415162037, -0.33716814159292036, -1.0673249551166966
737230.4153935185, -0.15992647058823528, -0.4522935779816514
737230.4156249999, 0.24444444444444444, 0.40350877192982454
737230.4158564814, -0.40192307692307694, 0.2202970297029703
737230.4160879629, 0.16835443037974684, 0.8790322580645161
737230.4163194444, 0.3411949685534591, 0.349721706864564
737230.4165509259, -0.5942028985507246, -0.39219330855018586
737230.4167824073, 0.13613861386138615, 0.13202247191011235
737230.4170138888, -0.9558058925476604, 0.5242214532871973
737230.4172453703, -0.08882235528942116, 0.19002123142250532
737230.4174768518, -0.4043062200956938, 1.7587064676616915
737230.4177083333, 0.49825783972125437, -0.05912162162162162
737230.4179398147, -1.0936952714535901, 0.18199233716475097
737230.4181712962, -0.1596009975062344, 0.3010610079575597
737230.4184027778, -0.12086092715231789, 1.1
737230.4186342593, -0.7622309197651663, 0.15200764818355642
737230.4188657406, -0.412751677852349, 0.12857142857142856
737230.4190972222, -0.3786407766990291, 0.7536824877250409
737230.4193287037, 1.3526315789473684, -1.2717391304347827
737230.4195601852, 0.576, 0.24074074074074073
737230.4197916667, -0.5, 0.18284228769497402
737230.4200231481, 0.3517298187808896, 0.632404181184669
737230.4202546296, 0.0568039950062422, 0.10506329113924051
737230.4204861111, -0.3025682182985554, 0.48741007194244607
737230.4207175926, 0.19702276707530647, 1.056640625
737230.4209490741, 0.09881656804733728, -0.18503937007874016
737230.4211805555, -0.12326869806094183, -0.6748466257668712
737230.421412037, -0.7632541133455211, 0.107421875
737230.4216435185, 0.4482551143200963, -0.32981530343007914
737230.421875, 0.27251908396946567, 0.8518197573656846
737230.4221064814, -0.867983367983368, -0.6792452830188679
737230.4223379629, -0.8076923076923077, -0.3988015978695073
737230.4225694444, 0.3650406504065041, 0.9304635761589404
737230.4228009259, 0.5369685767097967, 0.7611218568665378
737230.4230324074, -0.8893280632411067, 0.511605415860735
737230.4232638888, 0.02976190476190476, 0.3300653594771242
737230.4234953703, 0.4300184162062615, 0.9660831509846827
737230.4237268518, 0.014392991239048811, 1.3220451527224435
737230.4239583333, -0.027581329561527583, 0.5279001468428781
737230.4241898148, 0.5806142034548945, -0.27530364372469635
737230.4244212962, -0.786874154262517, 0.6669085631349783
737230.4246527777, -0.35185185185185186, 0.892018779342723
737230.4248842592, 1.0686274509803921, -0.9639175257731959
737230.4251157407, 0.0, 0.0
737230.4253472221, 0.0, 0.0
737230.4255787036, 0.47525773195876286, 0.6935483870967742
737230.4258101851, 0.027249683143219267, 0.19922879177377892
737230.4260416667, -0.059398496240601506, -0.5759878419452887
737230.4262731482, -0.9938053097345133, 0.6311475409836066
737230.4265046295, -0.4157372986369269, -0.11994609164420485
737230.426736111, -0.5778443113772455, 0.01598173515981735
737230.4269675926, -0.5777777777777777, -0.4770992366412214
737230.4271990741, -0.4182282793867121, -0.052845528455284556
737230.4274305556, 0.15384615384615385, -2.0434782608695654
737230.427662037, 0.0, 0.0
737230.4278935185, 0.0, 0.0
737230.428125, 0.0, 0.0
737230.4283564815, 0.0, 0.0
737230.4285879629, 0.0, 0.0
737230.4288194444, -0.4414141414141414, -1.4651639344262295
737230.4290509259, -0.5650759219088937, -0.7903225806451613
737230.4292824074, -0.7067183462532299, 0.9829467939972715
737230.4295138889, 0.9035608308605341, -0.4461172741679873
737230.4297453703, -0.654, -0.4631236442516269
737230.4299768518, -0.6382842509603073, 0.47194950911640954
737230.4302083333, -0.10170697012802275, -0.23968705547652916
737230.4304398148, 0.0, 0.0
737230.4306712962, 0.9896640826873385, 0.31024930747922436
737230.4309027777, 0.43162393162393164, 1.498435054773083
737230.4311342592, 0.06415478615071284, 0.3125
737230.4313657407, -0.04265402843601896, 0.4162234042553192
737230.4315972222, -0.393296853625171, -0.2996661101836394
737230.4318287036, 0.4430379746835443, 0.49122807017543857
737230.4320601851, -0.45868772782503037, -0.06636005256241786
737230.4322916666, -0.2015151515151515, -0.05233494363929147
737230.4325231481, -0.44638694638694637, 0.18819599109131402
737230.4327546296, 0.4393939393939394, 1.0391095066185319
737230.432986111, 0.6654571843251088, 0.007936507936507936
737230.4332175925, -0.2156398104265403, 0.9458438287153652
737230.433449074, -0.4881656804733728, 0.26102088167053367
737230.4336805556, 0.01282051282051282, 0.2533039647577093
737230.433912037, -0.24387527839643652, -0.043668122270742356
737230.4341435184, -0.639080459770115, -0.26626826029216466
737230.434375, -0.7850812407680945, 0.3923556942277691
737230.4346064815, -1.027027027027027, 0.07279236276849642
737230.434837963, -0.2876543209876543, -1.393899204244032
737230.4350694444, -1.5142857142857142, -0.2714285714285714
737230.4353009259, -0.11904761904761904, -0.625
737230.4355324074, -0.4793187347931874, 0.6994715984147952
737230.4357638889, -1.3025387870239775, 0.7161339421613394
737230.4359953704, -0.42592592592592593, 0.24941451990632318
737230.4362268518, 0.04218362282878412, 0.5463483146067416
737230.4364583333, -0.6828571428571428, 0.47395079594790157
737230.4366898148, 0.3477751756440281, 0.6620947630922693
737230.4369212963, -0.3535947712418301, -0.26804123711340205
737230.4371527777, 0.4205921938088829, 0.6109215017064846
737230.4373842592, -0.6515151515151515, 0.2026431718061674
737230.4376157407, 0.09635416666666667, 0.37101063829787234
737230.4378472222, -0.59985935302391, -0.03400868306801737
737230.4380787037, -0.11486486486486487, -0.6602870813397129
737230.4383101851, -0.14210526315789473, 0.752112676056338
737230.4385416666, 0.7620689655172413, 1.235
737230.4387731481, -1.5425531914893618, 1.16
737230.4390046296, 0.24681933842239187, 0.14979480164158687
737230.4392361111, -0.5372340425531915, 1.2986301369863014
737230.4394675925, -0.8765957446808511, 0.45408163265306123
737230.439699074, -0.7936507936507936, -0.13968668407310705
737230.4399305555, -1.0021276595744681, 0.7897727272727273
737230.440162037, 0.225, -0.47307692307692306
737230.4403935184, -0.4262166405023548, -0.3323076923076923
737230.4406249999, 0.7861111111111111, -0.05066079295154185
737230.4408564814, -0.13440860215053763, 0.9774774774774775
737230.441087963, -0.6939546599496221, 0.04696132596685083
737230.4413194444, 0.23792093704245973, 0.7885714285714286
737230.4415509258, 0.3633879781420765, 0.46875
737230.4417824073, 0.527972027972028, -0.3284789644012945
737230.4420138889, -0.5368852459016393, 0.19230769230769232
737230.4422453704, -0.6807228915662651, -0.24768518518518517
737230.4424768519, 0.0636604774535809, 1.1384180790960452
737230.4427083333, -1.0050215208034434, 1.0753424657534247
737230.4429398148, -0.8451536643026005, 0.5622119815668203
737230.4431712963, -0.3884462151394422, 0.35327635327635326
737230.4434027778, -1.0569230769230769, -0.2770034843205575
737230.4436342592, 0.12030905077262694, 0.8994845360824743
737230.4438657407, 0.06649616368286446, -0.030040053404539385
737230.4440972222, -0.5538243626062322, 0.6640287769784172
737230.4443287037, 0.24396135265700483, -1.1032171581769437
737230.4445601852, 0.13157894736842105, 0.2716216216216216
737230.4447916666, -0.41919191919191917, 0.4491525423728814
737230.4450231481, -0.7423469387755102, 0.4268292682926829
737230.4452546296, -0.5097205346294046, 0.6245085190039319
737230.4454861111, -0.3513708513708514, 0.5133531157270029
737230.4457175926, -0.9864197530864197, 0.8739837398373984
737230.445949074, -0.029239766081871343, 0.5512820512820513
737230.4461805555, 0.6475409836065574, -0.1797752808988764
737230.446412037, 0.10459770114942529, -0.0011876484560570072
737230.4466435185, -0.41064871481028153, 1.3669410150891632
737230.4468749999, -0.4928571428571429, 0.2054140127388535
737230.4471064814, 1.0824175824175823, 0.7456140350877193
737230.4473379629, -0.273371104815864, 0.5881889763779528
737230.4475694444, -0.6196172248803827, 0.25813953488372093
737230.4478009259, 0.3556701030927835, 1.1864864864864866
737230.4480324073, -0.3579676674364896, 0.56318347509113
737230.4482638888, -0.2187928669410151, 0.5963172804532578
737230.4484953703, 0.3130311614730878, -0.6311475409836066
737230.4487268518, -0.10902255639097744, 0.6052631578947368
737230.4489583333, -0.32506527415143605, 0.30213903743315507
737230.4491898147, -0.19656992084432717, -0.14577656675749318
737230.4494212962, -0.34534534534534533, 0.6184
737230.4496527778, -1.4508716323296356, -0.7013651877133106
737230.4498842593, -0.17010309278350516, 0.26811594202898553
737230.4501157406, 0.8226600985221675, 1.1260762607626076
737230.4503472222, -0.7770745428973277, 0.07676902536715621
737230.4505787037, -0.0743073047858942, 0.32554517133956384
737230.4508101852, -0.7385204081632653, 0.6363073110285006
737230.4510416667, -0.42023346303501946, 0.3707627118644068
737230.4512731481, 0.7392776523702032, -0.16844919786096257
737230.4515046296, -0.8506988564167726, 0.13614457831325302
737230.4517361111, -0.7213333333333334, -0.06232294617563739
737230.4519675926, -0.9606205250596659, -0.029411764705882353
737230.4521990741, -1.3346774193548387, 0.1918489065606362
737230.4524305555, -0.22905759162303665, 0.06027397260273973
737230.452662037, -0.554726368159204, -0.08461538461538462
737230.4528935185, -0.2120822622107969, 0.2231404958677686
737230.453125, -0.22236180904522612, -0.3113207547169811
737230.4533564814, 1.4180327868852458, -1.7072072072072073
737230.4535879629, 0.23929471032745592, 0.2217741935483871
737230.4538194444, 0.12887989203778677, 0.4318766066838046
737230.4540509259, 0.0, 0.0
737230.4542824074, 0.0, 0.0
737230.4545138888, 0.0, 0.0
737230.4547453703, 0.0, 0.0
737230.4549768518, 0.0, 0.0
737230.4552083333, 0.0, 0.0
737230.4554398148, 0.0, 0.0
737230.4556712962, 0.0, 0.0
737230.4559027777, 0.0, 0.0
737230.4561342592, 0.0, 0.0
737230.4563657407, 0.0, 0.0
737230.4565972221, 0.0, 0.0
737230.4568287036, 0.0, 0.0
737230.4570601851, 0.0, 0.0
737230.4572916667, 0.0, 0.0
737230.4575231482, 0.0, 0.0
737230.4577546295, -0.85, -3.9444444444444446
737230.457986111, 0.0, 0.0
737230.4582175926, 0.0, 0.0
737230.4584490741, 0.0, 0.0
737230.4586805556, 0.0, 0.0
737230.458912037, 0.0, 0.0
737230.4591435185, 0.0, 0.0
737230.459375, 0.0, 0.0
737230.4596064815, 0.0, 0.0
737230.4598379629, 0.0, 0.0
737230.4600694444, -2.158536585365854, -0.6785714285714286
737230.4603009259, 0.0, 0.0
737230.4605324074, 0.0, 0.0
737230.4607638889, 0.0, 0.0
737230.4609953703, 0.0, 0.0
737230.4612268518, 0.0, 0.0
737230.4614583333, 0.0, 0.0
737230.4616898148, 0.0, 0.0
737230.4619212962, 0.0, 0.0
737230.4621527777, 0.0, 0.0
737230.4623842592, 0.0, 0.0
737230.4626157407, 0.0, 0.0
737230.4628472222, 0.0, 0.0
737230.4630787036, -1.1012269938650308, -0.5
737230.4633101851, 0.2514792899408284, 0.35790172642762286
737230.4635416666, 0.03696969696969697, 0.6273176761433868
737230.4637731481, 0.6912751677852349, 1.5161290322580645
737230.4640046296, 0.48177399756986633, 0.4574468085106383
737230.464236111, 0.23726851851851852, -0.3863920099875156
737230.4644675925, -0.6501597444089456, -0.4576271186440678
737230.464699074, -0.21019900497512436, 0.016005121638924456
737230.4649305556, 0.012, 0.3
737230.465162037, 0.40119760479041916, -0.5064102564102564
737230.4653935184, -0.7751677852348994, 0.620253164556962
737230.465625, -0.775946275946276, -0.48175598631698974
737230.4658564815, 0.4679300291545189, 1.4628482972136223
737230.466087963, 0.14310344827586208, 0.2988394584139265
737230.4663194444, -0.1761904761904762, 0.8693570451436389
737230.4665509259, -0.7383900928792569, 0.6831831831831832
737230.4667824074, 0.0045045045045045045, 0.15069356872635561
737230.4670138889, 0.44014084507042256, 0.98375
737230.4672453704, 6.94, -0.38
737230.4674768518, 0.6739690721649485, 0.7562417871222076
737230.4677083333, 0.025240384615384616, 1.034435261707989
737230.4679398148, -0.9332344213649851, 0.7073863636363636
737230.4681712963, -0.6052631578947368, 0.16666666666666666
737230.4684027777, -1.0794155019059721, 0.2704485488126649
737230.4686342592, 0.6246819338422391, 1.9870317002881845
737230.4688657407, -0.39974293059125965, -0.14276228419654716
737230.4690972222, -0.32242990654205606, -0.2064935064935065
737230.4693287037, -0.14968152866242038, 0.4562043795620438
737230.4695601851, 0.3851010101010101, 0.4915254237288136
737230.4697916666, 0.21393341553637485, 0.3975069252077562
737230.4700231481, 0.7662889518413598, -0.3276762402088773
737230.4702546296, 0.27134587554269174, -0.86731843575419
737230.4704861111, -0.05240174672489083, 0.9439252336448598
737230.4707175925, -0.0649867374005305, 0.022546419098143235
737230.470949074, 0.8174603174603174, 0.5094339622641509
737230.4711805555, 0.0, 0.0
737230.471412037, 0.0, 0.0
737230.4716435184, 0.0, 0.0
737230.4718749999, 0.0, 0.0
737230.4721064814, 0.0, 0.0
737230.472337963, 2.5, -4.5
737230.4725694444, -5.0, -3.9444444444444446
737230.4728009258, 0.0, 0.0
737230.4730324073, -1.3633093525179856, -0.2642857142857143
737230.4732638889, -0.8241106719367589, 0.04225352112676056
737230.4734953704, 1.593655589123867, -0.6228571428571429
737230.4737268519, 0.39315068493150684, -0.3748201438848921
737230.4739583333, -0.21595330739299612, -0.25
737230.4741898148, 0.44181818181818183, -1.0378486055776892
737230.4744212963, -1.1875816993464052, 0.5028776978417266
737230.4746527778, 0.575619295958279, 0.6145685997171145
737230.4748842592, -0.3333333333333333, -1.7222222222222223
737230.4751157407, -0.32882882882882886, -0.6958762886597938
737230.4753472222, -0.275, 0.7438070404172099
737230.4755787037, 0.11281337047353761, -0.3136645962732919
737230.4758101852, 0.39285714285714285, 1.7672413793103448
737230.4760416666, 0.3342776203966006, -0.06083916083916084
737230.4762731481, 0.10784313725490197, 0.7621359223300971
737230.4765046296, -1.4446808510638298, 2.069105691056911
737230.4767361111, -0.11538461538461539, 0.5250447227191414
737230.4769675926, 0.0, 0.0
737230.477199074, 0.0, 0.0
737230.4774305555, 0.0, 0.0
737230.477662037, 0.0, 0.0
737230.4778935185, 0.0, 0.0
737230.4781249999, 0.0, 0.0
737230.4783564814, 0.45330739299610895, -0.5710900473933649
737230.4785879629, -0.1870838881491345, 0.3970013037809648
737230.4788194444, -0.43846153846153846, 0.016666666666666666
737230.4790509259, 0.3108108108108108, -0.6640866873065016
737230.4792824073, 0.46765847347994827, 0.5900783289817232
737230.4795138888, -0.909035409035409, 0.5184397163120568
737230.4797453703, -1.0616045845272206, -0.055891238670694864
737230.4799768518, -0.5722433460076045, 0.2786885245901639
737230.4802083333, -0.29408138101109743, -0.2299168975069252
737230.4804398147, -0.09393939393939393, 2.0435435435435436
737230.4806712962, -0.37717265353418306, 0.8354591836734694
737230.4809027778, -0.5193548387096775, 0.40520694259012013
737230.4811342593, -1.1473829201101928, -0.04785478547854786
737230.4813657406, 0.16425470332850942, -0.11904761904761904
737230.4815972222, 0.6273764258555133, 0.05708661417322835
737230.4818287037, -1.9290123456790123, 0.38271604938271603
737230.4820601852, -0.256687898089172, 0.05176613885505481
737230.4822916667, -0.08014354066985646, 0.30129032258064514
737230.4825231481, -0.5894308943089431, 0.03508771929824561
737230.4827546296, 0.25190839694656486, -0.2892561983471074
737230.4829861111, -0.2, 0.12059238363892807
737230.4832175926, 0.0, 0.0
737230.4834490741, 0.0, 0.0
737230.4836805555, 0.0, 0.0
737230.483912037, 0.0, 0.0
737230.4841435185, 0.0, 0.0
737230.484375, -1.53954802259887, -0.3142414860681115
737230.4846064814, 0.4969512195121951, -0.7865168539325843
737230.4848379629, -1.1623544631306597, 0.6411192214111923
737230.4850694444, 0.3378016085790885, -0.6035911602209945
737230.4853009259, -0.41117478510028654, 0.38235294117647056
737230.4855324074, -0.05913978494623656, -0.25949367088607594
737230.4857638888, -0.36175710594315247, 0.08198924731182795
737230.4859953703, 0.44362745098039214, 0.2323943661971831
737230.4862268518, -0.47762073027090696, -0.5903873744619799
737230.4864583333, -0.08536585365853659, 0.692256341789052
737230.4866898148, -0.03968253968253968, 0.7403100775193798
737230.4869212962, -0.591025641025641, -0.39042995839112343
737230.4871527777, 0.06637168141592921, 1.0344262295081967
737230.4873842592, 0.3878048780487805, -0.4393939393939394
737230.4876157407, -0.6343101343101343, -0.0981554677206851
737230.4878472221, 0.041718555417185554, 0.006459948320413436
737230.4880787036, -0.9385542168674699, -0.7127659574468085
737230.4883101851, -1.6997607655502391, 0.02676056338028169
737230.4885416667, -0.03890489913544669, -0.020119225037257823
737230.4887731482, 0.0, 0.0
737230.4890046295, -1.7941176470588236, 0.75
737230.489236111, -0.5738007380073801, -0.1814720812182741
737230.4894675926, 0.28095238095238095, -0.3431372549019608
737230.4896990741, 0.0, 0.0
737230.4899305556, 1.138655462184874, 0.7631578947368421
737230.490162037, -0.08518518518518518, 0.28735632183908044
737230.4903935185, 0.1346153846153846, -0.10319573901464714
737230.490625, 0.569828722002635, -0.4918809201623816
737230.4908564815, 0.5424710424710425, 0.333976833976834
737230.4910879629, 0.0, 0.0
737230.4913194444, 0.0, 0.0
737230.4915509259, 0.0, 0.0
737230.4917824074, 0.0, 0.0
737230.4920138889, 0.0, 0.0
737230.4922453703, 0.24380165289256198, 1.5
737230.4924768518, -0.08846153846153847, 1.1319095477386936
737230.4927083333, -0.24205378973105135, -0.536697247706422
737230.4929398148, 0.40168539325842695, -0.3795180722891566
737230.4931712962, -0.24937655860349128, 0.20337922403003755
737230.4934027777, 0.05555555555555555, 0.4623376623376623
737230.4936342592, 0.6516129032258065, 0.03164556962025317
737230.4938657407, 0.0625, -0.20485175202156333
737230.4940972222, 0.33495145631067963, 0.6485148514851485
737230.4943287036, -0.5158730158730159, 0.11959654178674352
737230.4945601851, -0.35930232558139535, 0.07350993377483443
737230.4947916666, -0.14861878453038674, 0.3634085213032581
737230.4950231481, 0.04415954415954416, 1.716763005780347
737230.4952546296, 0.7025641025641025, -0.5486409155937053
737230.495486111, 0.28058510638297873, 0.4959839357429719
737230.4957175925, 0.07673267326732673, 0.39315068493150684
737230.495949074, 0.010075566750629723, 0.6236842105263158
737230.4961805556, -0.2464968152866242, 0.6530612244897959
737230.496412037, 0.08333333333333333, 0.45440729483282677
737230.4966435184, 0.1892430278884462, 0.6764705882352942
737230.496875, 0.5448717948717948, 0.26288659793814434
737230.4971064815, 0.5650406504065041, 0.5184049079754601
737230.497337963, -0.2674714104193138, 0.10989010989010989
737230.4975694444, -0.1494325346784363, 0.28654592496765846
737230.4978009259, -1.357843137254902, 0.12982005141388175
737230.4980324074, -0.482078853046595, 0.46698762035763414
737230.4982638889, -0.0551128818061089, 0.08356940509915015
737230.4984953704, -0.4287305122494432, 0.5223713646532439
737230.4987268518, -1.1332882273342355, 0.7292225201072386
737230.4989583333, -0.5821256038647343, 0.44377510040160645
737230.4991898148, -0.25393700787401574, 0.59375
737230.4994212963, 0.0, 0.0
737230.4996527777, 0.0, 0.0
737230.4998842592, 0.0, 0.0
737230.5001157407, 0.0, 0.0
737230.5003472222, 0.0, 0.0
737230.5005787037, 0.0, 0.0
737230.5008101851, 0.0, 0.0
737230.5010416666, 0.0, 0.0
737230.5012731481, 0.0, 0.0
737230.5015046296, 0.0, 0.0
737230.5017361111, 0.0, 0.0
737230.5019675925, 0.0, 0.0
737230.502199074, 0.0, 0.0
737230.5024305555, 0.0, 0.0
737230.502662037, -0.8016241299303944, 0.8962703962703963
737230.5028935184, -0.7216624685138538, 0.3422391857506361
737230.5031249999, -0.12994350282485875, -0.19060773480662985
737230.5033564814, -0.8115845539280959, 0.6693121693121693
737230.503587963, 0.7922636103151862, -0.22395833333333334
737230.5038194444, -0.2334963325183374, -0.26454293628808867
737230.5040509258, -0.3589909443725744, -0.08448753462603878
737230.5042824073, -1.4134948096885813, 0.21771771771771772
737230.5045138889, -0.21025641025641026, 0.6319261213720316
737230.5047453704, 0.13568773234200743, -0.009142053445850914
737230.5049768519, 1.1619318181818181, -0.7019867549668874
737230.5052083333, -0.05625790139064475, 0.5588235294117647
737230.5054398148, -0.15193370165745856, 0.43078055964653905
737230.5056712963, -0.3602150537634409, 0.48717948717948717
737230.5059027778, -0.1335978835978836, -0.014044943820224719
737230.5061342592, -0.002770083102493075, 0.09770114942528736
737230.5063657407, 0.6774193548387096, 1.096638655462185
737230.5065972222, -0.09656084656084656, 0.5079155672823219
737230.5068287037, -0.4535483870967742, -0.3974358974358974
737230.5070601852, 0.8153409090909091, 1.3136482939632546
737230.5072916666, -0.8563501849568435, 0.3176638176638177
737230.5075231481, -0.16856330014224752, 0.28581560283687946
737230.5077546296, -0.582687338501292, 0.6064425770308123
737230.5079861111, -0.2843915343915344, 0.6021711366538953
737230.5082175926, 0.6103896103896104, 0.8159340659340659
737230.508449074, 0.1987179487179487, -0.6677018633540373
737230.5086805555, -0.33955223880597013, 0.3678526048284625
737230.508912037, -0.33883248730964466, -0.003259452411994785
737230.5091435185, -1.177115987460815, 0.9104234527687296
737230.5093749999, 0.753731343283582, -0.637883008356546
737230.5096064814, -0.5582655826558266, 0.15706447187928668
737230.5098379629, -0.2175141242937853, -0.13387978142076504
737230.5100694444, -1.211978465679677, 0.17388362652232747
737230.5103009259, -0.11813186813186813, 0.6459459459459459
737230.5105324073, -0.08027522935779817, 0.7120481927710843
